post_0_0_resize_hwc               1611073536
input1                            1611148800
323                               1611299328
324                               1612102144
327                               1612302848
330                               1612503552
505                               1612704256
508                               1613507072
336                               1614309888
339                               1615112704
342                               1615313408
517                               1615514112
346                               1616316928
349                               1617119744
352                               1617320448
526                               1617521152
356                               1618323968
359                               1619126784
362                               1619528192
535                               1619628544
538                               1620029952
368                               1620431360
371                               1620832768
374                               1620933120
547                               1621033472
378                               1621434880
381                               1621836288
384                               1621936640
556                               1622036992
388                               1622438400
391                               1622839808
394                               1622940160
565                               1623040512
398                               1623441920
401                               1623843328
404                               1624044032
574                               1624094208
577                               1624294912
410                               1624495616
413                               1624696320
416                               1624746496
586                               1624796672
420                               1624997376
423                               1625198080
426                               1625248256
595                               1625298432
430                               1625499136
433                               1625699840
436                               1625750016
604                               1625800192
440                               1626000896
443                               1626201600
446                               1626251776
613                               1626301952
450                               1626502656
453                               1626703360
456                               1626753536
622                               1626803712
460                               1627004416
463                               1627205120
466                               1627305472
631                               1627330560
634                               1627430912
472                               1627531264
475                               1627631616
478                               1627656704
643                               1627681792
482                               1627782144
485                               1627882496
488                               1627907584
652                               1627932672
492                               1628033024
493                               1628133376
output1                           1628135424
