post_0_0_conv_yuv2rgb             1610919936
post_0_1_resize_hwc               1611380736
input1                            1611456000
323                               1611606528
324                               1612409344
327                               1612610048
330                               1612810752
505                               1613011456
508                               1613814272
336                               1614617088
339                               1615419904
342                               1615620608
517                               1615821312
346                               1616624128
349                               1617426944
352                               1617627648
526                               1617828352
356                               1618631168
359                               1619433984
362                               1619835392
535                               1619935744
538                               1620337152
368                               1620738560
371                               1621139968
374                               1621240320
547                               1621340672
378                               1621742080
381                               1622143488
384                               1622243840
556                               1622344192
388                               1622745600
391                               1623147008
394                               1623247360
565                               1623347712
398                               1623749120
401                               1624150528
404                               1624351232
574                               1624401408
577                               1624602112
410                               1624802816
413                               1625003520
416                               1625053696
586                               1625103872
420                               1625304576
423                               1625505280
426                               1625555456
595                               1625605632
430                               1625806336
433                               1626007040
436                               1626057216
604                               1626107392
440                               1626308096
443                               1626508800
446                               1626558976
613                               1626609152
450                               1626809856
453                               1627010560
456                               1627060736
622                               1627110912
460                               1627311616
463                               1627512320
466                               1627612672
631                               1627637760
634                               1627738112
472                               1627838464
475                               1627938816
478                               1627963904
643                               1627988992
482                               1628089344
485                               1628189696
488                               1628214784
652                               1628239872
492                               1628340224
493                               1628440576
output1                           1628442624
